N 2 2
P 2
P 1 1
K 1 1
K 0 1
N 3 3
P 3
P 2 1
P 1 1 1
K 1 1 1
K 0 1 2
K 0 0 1
N 4 5
P 4
P 3 1
P 2 2
P 2 1 1
P 1 1 1 1
K 1 1 1 1 1
K 0 1 1 2 3
K 0 0 1 1 2
K 0 0 0 1 3
K 0 0 0 0 1
N 5 7
P 5
P 4 1
P 3 2
P 3 1 1
P 2 2 1
P 2 1 1 1
P 1 1 1 1 1
K 1 1 1 1 1 1 1
K 0 1 1 2 2 3 4
K 0 0 1 1 2 3 5
K 0 0 0 1 1 3 6
K 0 0 0 0 1 2 5
K 0 0 0 0 0 1 4
K 0 0 0 0 0 0 1
N 6 11
P 6
P 5 1
P 4 2
P 4 1 1
P 3 3
P 3 2 1
P 3 1 1 1
P 2 2 2
P 2 2 1 1
P 2 1 1 1 1
P 1 1 1 1 1 1
K 1 1 1 1 1 1 1 1 1 1 1
K 0 1 1 2 1 2 3 2 3 4 5
K 0 0 1 1 1 2 3 3 4 6 9
K 0 0 0 1 0 1 3 1 3 6 10
K 0 0 0 0 1 1 1 1 2 3 5
K 0 0 0 0 0 1 2 2 4 8 16
K 0 0 0 0 0 0 1 0 1 4 10
K 0 0 0 0 0 0 0 1 1 2 5
K 0 0 0 0 0 0 0 0 1 3 9
K 0 0 0 0 0 0 0 0 0 1 5
K 0 0 0 0 0 0 0 0 0 0 1
N 7 15
P 7
P 6 1
P 5 2
P 5 1 1
P 4 3
P 4 2 1
P 4 1 1 1
P 3 3 1
P 3 2 2
P 3 2 1 1
P 3 1 1 1 1
P 2 2 2 1
P 2 2 1 1 1
P 2 1 1 1 1 1
P 1 1 1 1 1 1 1
K 1 1 1 1 1 1 1 1 1 1 1 1 1 1 1
K 0 1 1 2 1 2 3 2 2 3 4 3 4 5 6
K 0 0 1 1 1 2 3 2 3 4 6 5 7 10 14
K 0 0 0 1 0 1 3 1 1 3 6 3 6 10 15
K 0 0 0 0 1 1 1 2 2 3 4 4 6 9 14
K 0 0 0 0 0 1 2 1 2 4 8 6 11 20 35
K 0 0 0 0 0 0 1 0 0 1 4 1 4 10 20
K 0 0 0 0 0 0 0 1 1 2 3 3 6 11 21
K 0 0 0 0 0 0 0 0 1 1 2 3 5 10 21
K 0 0 0 0 0 0 0 0 0 1 3 2 6 15 35
K 0 0 0 0 0 0 0 0 0 0 1 0 1 5 15
K 0 0 0 0 0 0 0 0 0 0 0 1 2 5 14
K 0 0 0 0 0 0 0 0 0 0 0 0 1 4 14
K 0 0 0 0 0 0 0 0 0 0 0 0 0 1 6
K 0 0 0 0 0 0 0 0 0 0 0 0 0 0 1
N 8 22
P 8
P 7 1
P 6 2
P 6 1 1
P 5 3
P 5 2 1
P 5 1 1 1
P 4 4
P 4 3 1
P 4 2 2
P 4 2 1 1
P 4 1 1 1 1
P 3 3 2
P 3 3 1 1
P 3 2 2 1
P 3 2 1 1 1
P 3 1 1 1 1 1
P 2 2 2 2
P 2 2 2 1 1
P 2 2 1 1 1 1
P 2 1 1 1 1 1 1
P 1 1 1 1 1 1 1 1
K 1 1 1 1 1 1 1 1 1 1 1 1 1 1 1 1 1 1 1 1 1 1
K 0 1 1 2 1 2 3 1 2 2 3 4 2 3 3 4 5 3 4 5 6 7
K 0 0 1 1 1 2 3 1 2 3 4 6 3 4 5 7 10 6 8 11 15 20
K 0 0 0 1 0 1 3 0 1 1 3 6 1 3 3 6 10 3 6 10 15 21
K 0 0 0 0 1 1 1 1 2 2 3 4 3 4 5 7 10 6 9 13 19 28
K 0 0 0 0 0 1 2 0 1 2 4 8 2 4 6 11 20 8 14 24 40 64
K 0 0 0 0 0 0 1 0 0 0 1 4 0 1 1 4 10 1 4 10 20 35
K 0 0 0 0 0 0 0 1 1 1 1 1 1 2 2 3 4 3 4 6 9 14
K 0 0 0 0 0 0 0 0 1 1 2 3 2 4 5 9 15 7 13 23 40 70
K 0 0 0 0 0 0 0 0 0 1 1 2 1 1 3 5 10 6 9 16 30 56
K 0 0 0 0 0 0 0 0 0 0 1 3 0 1 2 6 15 3 9 21 45 90
K 0 0 0 0 0 0 0 0 0 0 0 1 0 0 0 1 5 0 1 5 15 35
K 0 0 0 0 0 0 0 0 0 0 0 0 1 1 2 3 5 3 6 11 21 42
K 0 0 0 0 0 0 0 0 0 0 0 0 0 1 1 3 6 2 5 12 26 56
K 0 0 0 0 0 0 0 0 0 0 0 0 0 0 1 2 5 3 6 13 30 70
K 0 0 0 0 0 0 0 0 0 0 0 0 0 0 0 1 4 0 2 8 24 64
K 0 0 0 0 0 0 0 0 0 0 0 0 0 0 0 0 1 0 0 1 6 21
K 0 0 0 0 0 0 0 0 0 0 0 0 0 0 0 0 0 1 1 2 5 14
K 0 0 0 0 0 0 0 0 0 0 0 0 0 0 0 0 0 0 1 3 9 28
K 0 0 0 0 0 0 0 0 0 0 0 0 0 0 0 0 0 0 0 1 5 20
K 0 0 0 0 0 0 0 0 0 0 0 0 0 0 0 0 0 0 0 0 1 7
K 0 0 0 0 0 0 0 0 0 0 0 0 0 0 0 0 0 0 0 0 0 1
N 9 30
P 9
P 8 1
P 7 2
P 7 1 1
P 6 3
P 6 2 1
P 6 1 1 1
P 5 4
P 5 3 1
P 5 2 2
P 5 2 1 1
P 5 1 1 1 1
P 4 4 1
P 4 3 2
P 4 3 1 1
P 4 2 2 1
P 4 2 1 1 1
P 4 1 1 1 1 1
P 3 3 3
P 3 3 2 1
P 3 3 1 1 1
P 3 2 2 2
P 3 2 2 1 1
P 3 2 1 1 1 1
P 3 1 1 1 1 1 1
P 2 2 2 2 1
P 2 2 2 1 1 1
P 2 2 1 1 1 1 1
P 2 1 1 1 1 1 1 1
P 1 1 1 1 1 1 1 1 1
K 1 1 1 1 1 1 1 1 1 1 1 1 1 1 1 1 1 1 1 1 1 1 1 1 1 1 1 1 1 1
K 0 1 1 2 1 2 3 1 2 2 3 4 2 2 3 3 4 5 2 3 4 3 4 5 6 4 5 6 7 8
K 0 0 1 1 1 2 3 1 2 3 4 6 2 3 4 5 7 10 3 5 7 6 8 11 15 9 12 16 21 27
K 0 0 0 1 0 1 3 0 1 1 3 6 1 1 3 3 6 10 1 3 6 3 6 10 15 6 10 15 21 28
K 0 0 0 0 1 1 1 1 2 2 3 4 2 3 4 5 7 10 4 6 8 7 10 14 20 12 17 24 34 48
K 0 0 0 0 0 1 2 0 1 2 4 8 1 2 4 6 11 20 2 6 11 8 14 24 40 17 28 45 70 105
K 0 0 0 0 0 0 1 0 0 0 1 4 0 0 1 1 4 10 0 1 4 1 4 10 20 4 10 20 35 56
K 0 0 0 0 0 0 0 1 1 1 1 1 2 2 3 3 4 5 2 4 6 5 7 10 14 9 13 19 28 42
K 0 0 0 0 0 0 0 0 1 1 2 3 1 2 4 5 9 15 3 7 12 9 16 27 45 21 36 60 99 162
K 0 0 0 0 0 0 0 0 0 1 1 2 0 1 1 3 5 10 1 3 5 6 9 16 30 14 23 40 70 120
K 0 0 0 0 0 0 0 0 0 0 1 3 0 0 1 2 6 15 0 2 6 3 9 21 45 12 27 55 105 189
K 0 0 0 0 0 0 0 0 0 0 0 1 0 0 0 0 1 5 0 0 1 0 1 5 15 1 5 15 35 70
K 0 0 0 0 0 0 0 0 0 0 0 0 1 1 2 2 3 4 1 3 6 4 7 12 19 10 17 29 49 84
K 0 0 0 0 0 0 0 0 0 0 0 0 0 1 1 2 3 5 2 4 6 6 10 17 30 16 28 50 91 168
K 0 0 0 0 0 0 0 0 0 0 0 0 0 0 1 1 3 6 0 2 6 3 8 18 36 12 27 56 111 216
K 0 0 0 0 0 0 0 0 0 0 0 0 0 0 0 1 2 5 0 1 2 3 6 13 30 12 24 50 105 216
K 0 0 0 0 0 0 0 0 0 0 0 0 0 0 0 0 1 4 0 0 1 0 2 8 24 3 12 34 84 189
K 0 0 0 0 0 0 0 0 0 0 0 0 0 0 0 0 0 1 0 0 0 0 0 1 6 0 1 6 21 56
K 0 0 0 0 0 0 0 0 0 0 0 0 0 0 0 0 0 0 1 1 1 1 2 3 5 3 6 11 21 42
K 0 0 0 0 0 0 0 0 0 0 0 0 0 0 0 0 0 0 0 1 2 2 4 8 16 8 17 36 77 168
K 0 0 0 0 0 0 0 0 0 0 0 0 0 0 0 0 0 0 0 0 1 0 1 4 10 2 7 20 50 120
K 0 0 0 0 0 0 0 0 0 0 0 0 0 0 0 0 0 0 0 0 0 1 1 2 5 4 7 15 35 84
K 0 0 0 0 0 0 0 0 0 0 0 0 0 0 0 0 0 0 0 0 0 0 1 3 9 3 9 24 63 162
K 0 0 0 0 0 0 0 0 0 0 0 0 0 0 0 0 0 0 0 0 0 0 0 1 5 0 2 10 35 105
K 0 0 0 0 0 0 0 0 0 0 0 0 0 0 0 0 0 0 0 0 0 0 0 0 1 0 0 1 7 28
K 0 0 0 0 0 0 0 0 0 0 0 0 0 0 0 0 0 0 0 0 0 0 0 0 0 1 2 5 14 42
K 0 0 0 0 0 0 0 0 0 0 0 0 0 0 0 0 0 0 0 0 0 0 0 0 0 0 1 4 14 48
K 0 0 0 0 0 0 0 0 0 0 0 0 0 0 0 0 0 0 0 0 0 0 0 0 0 0 0 1 6 27
K 0 0 0 0 0 0 0 0 0 0 0 0 0 0 0 0 0 0 0 0 0 0 0 0 0 0 0 0 1 8
K 0 0 0 0 0 0 0 0 0 0 0 0 0 0 0 0 0 0 0 0 0 0 0 0 0 0 0 0 0 1
N 10 42
P 10
P 9 1
P 8 2
P 8 1 1
P 7 3
P 7 2 1
P 7 1 1 1
P 6 4
P 6 3 1
P 6 2 2
P 6 2 1 1
P 6 1 1 1 1
P 5 5
P 5 4 1
P 5 3 2
P 5 3 1 1
P 5 2 2 1
P 5 2 1 1 1
P 5 1 1 1 1 1
P 4 4 2
P 4 4 1 1
P 4 3 3
P 4 3 2 1
P 4 3 1 1 1
P 4 2 2 2
P 4 2 2 1 1
P 4 2 1 1 1 1
P 4 1 1 1 1 1 1
P 3 3 3 1
P 3 3 2 2
P 3 3 2 1 1
P 3 3 1 1 1 1
P 3 2 2 2 1
P 3 2 2 1 1 1
P 3 2 1 1 1 1 1
P 3 1 1 1 1 1 1 1
P 2 2 2 2 2
P 2 2 2 2 1 1
P 2 2 2 1 1 1 1
P 2 2 1 1 1 1 1 1
P 2 1 1 1 1 1 1 1 1
P 1 1 1 1 1 1 1 1 1 1
K 1 1 1 1 1 1 1 1 1 1 1 1 1 1 1 1 1 1 1 1 1 1 1 1 1 1 1 1 1 1 1 1 1 1 1 1 1 1 1 1 1 1
K 0 1 1 2 1 2 3 1 2 2 3 4 1 2 2 3 3 4 5 2 3 2 3 4 3 4 5 6 3 3 4 5 4 5 6 7 4 5 6 7 8 9
K 0 0 1 1 1 2 3 1 2 3 4 6 1 2 3 4 5 7 10 3 4 3 5 7 6 8 11 15 5 6 8 11 9 12 16 21 10 13 17 22 28 35
K 0 0 0 1 0 1 3 0 1 1 3 6 0 1 1 3 3 6 10 1 3 1 3 6 3 6 10 15 3 3 6 10 6 10 15 21 6 10 15 21 28 36
K 0 0 0 0 1 1 1 1 2 2 3 4 1 2 3 4 5 7 10 3 4 4 6 8 7 10 14 20 7 8 11 15 13 18 25 35 15 21 29 40 55 75
K 0 0 0 0 0 1 2 0 1 2 4 8 0 1 2 4 6 11 20 2 4 2 6 11 8 14 24 40 6 8 14 24 17 28 45 70 20 32 50 76 112 160
K 0 0 0 0 0 0 1 0 0 0 1 4 0 0 0 1 1 4 10 0 1 0 1 4 1 4 10 20 1 1 4 10 4 10 20 35 4 10 20 35 56 84
K 0 0 0 0 0 0 0 1 1 1 1 1 1 2 2 3 3 4 5 3 4 3 5 7 6 8 11 15 6 7 10 14 12 17 24 34 15 21 30 43 62 90
K 0 0 0 0 0 0 0 0 1 1 2 3 0 1 2 4 5 9 15 2 4 3 7 12 9 16 27 45 9 11 19 31 24 40 65 105 30 50 81 129 203 315
K 0 0 0 0 0 0 0 0 0 1 1 2 0 0 1 1 3 5 10 1 1 1 3 5 6 9 16 30 3 6 9 16 14 23 40 70 20 31 51 85 140 225
K 0 0 0 0 0 0 0 0 0 0 1 3 0 0 0 1 2 6 15 0 1 0 2 6 3 9 21 45 2 3 9 21 12 27 55 105 15 33 65 120 210 350
K 0 0 0 0 0 0 0 0 0 0 0 1 0 0 0 0 0 1 5 0 0 0 0 1 0 1 5 15 0 0 1 5 1 5 15 35 1 5 15 35 70 126
K 0 0 0 0 0 0 0 0 0 0 0 0 1 1 1 1 1 1 1 1 2 1 2 3 2 3 4 5 2 3 4 6 5 7 10 14 6 9 13 19 28 42
K 0 0 0 0 0 0 0 0 0 0 0 0 0 1 1 2 2 3 4 2 4 2 5 9 6 10 16 24 6 8 14 24 18 30 49 78 24 40 66 108 176 288
K 0 0 0 0 0 0 0 0 0 0 0 0 0 0 1 1 2 3 5 1 1 2 4 6 6 10 17 30 6 9 14 23 21 35 60 105 30 51 87 150 260 450
K 0 0 0 0 0 0 0 0 0 0 0 0 0 0 0 1 1 3 6 0 1 0 2 6 3 8 18 36 3 4 11 24 15 33 66 126 21 45 90 171 315 567
K 0 0 0 0 0 0 0 0 0 0 0 0 0 0 0 0 1 2 5 0 0 0 1 2 3 6 13 30 1 3 6 13 12 24 50 105 20 38 74 145 280 525
K 0 0 0 0 0 0 0 0 0 0 0 0 0 0 0 0 0 1 4 0 0 0 0 1 0 2 8 24 0 0 2 8 3 12 34 84 4 16 44 104 224 448
K 0 0 0 0 0 0 0 0 0 0 0 0 0 0 0 0 0 0 1 0 0 0 0 0 0 0 1 6 0 0 0 1 0 1 6 21 0 1 6 21 56 126
K 0 0 0 0 0 0 0 0 0 0 0 0 0 0 0 0 0 0 0 1 1 1 2 3 3 4 6 9 3 4 7 12 10 17 29 49 16 26 45 79 140 252
K 0 0 0 0 0 0 0 0 0 0 0 0 0 0 0 0 0 0 0 0 1 0 1 3 1 3 6 10 1 2 5 12 7 15 30 55 10 22 44 85 160 300
K 0 0 0 0 0 0 0 0 0 0 0 0 0 0 0 0 0 0 0 0 0 1 1 1 1 2 3 5 3 3 5 7 7 12 20 35 10 19 34 61 112 210
K 0 0 0 0 0 0 0 0 0 0 0 0 0 0 0 0 0 0 0 0 0 0 1 2 2 4 8 16 2 4 8 16 14 28 56 112 24 48 96 192 384 768
K 0 0 0 0 0 0 0 0 0 0 0 0 0 0 0 0 0 0 0 0 0 0 0 1 0 1 4 10 0 0 2 8 3 11 30 70 5 17 46 110 245 525
K 0 0 0 0 0 0 0 0 0 0 0 0 0 0 0 0 0 0 0 0 0 0 0 0 1 1 2 5 0 1 1 2 4 7 15 35 10 16 31 65 140 300
K 0 0 0 0 0 0 0 0 0 0 0 0 0 0 0 0 0 0 0 0 0 0 0 0 0 1 3 9 0 0 1 3 3 9 24 63 6 18 45 108 252 567
K 0 0 0 0 0 0 0 0 0 0 0 0 0 0 0 0 0 0 0 0 0 0 0 0 0 0 1 5 0 0 0 1 0 2 10 35 0 3 15 50 140 350
K 0 0 0 0 0 0 0 0 0 0 0 0 0 0 0 0 0 0 0 0 0 0 0 0 0 0 0 1 0 0 0 0 0 0 1 7 0 0 1 7 28 84
K 0 0 0 0 0 0 0 0 0 0 0 0 0 0 0 0 0 0 0 0 0 0 0 0 0 0 0 0 1 1 2 3 3 6 11 21 5 11 23 47 98 210
K 0 0 0 0 0 0 0 0 0 0 0 0 0 0 0 0 0 0 0 0 0 0 0 0 0 0 0 0 0 1 1 2 3 5 10 21 6 12 24 51 112 252
K 0 0 0 0 0 0 0 0 0 0 0 0 0 0 0 0 0 0 0 0 0 0 0 0 0 0 0 0 0 0 1 3 2 6 15 35 5 13 33 80 190 450
K 0 0 0 0 0 0 0 0 0 0 0 0 0 0 0 0 0 0 0 0 0 0 0 0 0 0 0 0 0 0 0 1 0 1 5 15 0 2 9 30 85 225
K 0 0 0 0 0 0 0 0 0 0 0 0 0 0 0 0 0 0 0 0 0 0 0 0 0 0 0 0 0 0 0 0 1 2 5 14 4 8 18 44 112 288
K 0 0 0 0 0 0 0 0 0 0 0 0 0 0 0 0 0 0 0 0 0 0 0 0 0 0 0 0 0 0 0 0 0 1 4 14 0 3 12 38 112 315
K 0 0 0 0 0 0 0 0 0 0 0 0 0 0 0 0 0 0 0 0 0 0 0 0 0 0 0 0 0 0 0 0 0 0 1 6 0 0 2 12 48 160
K 0 0 0 0 0 0 0 0 0 0 0 0 0 0 0 0 0 0 0 0 0 0 0 0 0 0 0 0 0 0 0 0 0 0 0 1 0 0 0 1 8 36
K 0 0 0 0 0 0 0 0 0 0 0 0 0 0 0 0 0 0 0 0 0 0 0 0 0 0 0 0 0 0 0 0 0 0 0 0 1 1 2 5 14 42
K 0 0 0 0 0 0 0 0 0 0 0 0 0 0 0 0 0 0 0 0 0 0 0 0 0 0 0 0 0 0 0 0 0 0 0 0 0 1 3 9 28 90
K 0 0 0 0 0 0 0 0 0 0 0 0 0 0 0 0 0 0 0 0 0 0 0 0 0 0 0 0 0 0 0 0 0 0 0 0 0 0 1 5 20 75
K 0 0 0 0 0 0 0 0 0 0 0 0 0 0 0 0 0 0 0 0 0 0 0 0 0 0 0 0 0 0 0 0 0 0 0 0 0 0 0 1 7 35
K 0 0 0 0 0 0 0 0 0 0 0 0 0 0 0 0 0 0 0 0 0 0 0 0 0 0 0 0 0 0 0 0 0 0 0 0 0 0 0 0 1 9
K 0 0 0 0 0 0 0 0 0 0 0 0 0 0 0 0 0 0 0 0 0 0 0 0 0 0 0 0 0 0 0 0 0 0 0 0 0 0 0 0 0 1
N 11 56
P 11
P 10 1
P 9 2
P 9 1 1
P 8 3
P 8 2 1
P 8 1 1 1
P 7 4
P 7 3 1
P 7 2 2
P 7 2 1 1
P 7 1 1 1 1
P 6 5
P 6 4 1
P 6 3 2
P 6 3 1 1
P 6 2 2 1
P 6 2 1 1 1
P 6 1 1 1 1 1
P 5 5 1
P 5 4 2
P 5 4 1 1
P 5 3 3
P 5 3 2 1
P 5 3 1 1 1
P 5 2 2 2
P 5 2 2 1 1
P 5 2 1 1 1 1
P 5 1 1 1 1 1 1
P 4 4 3
P 4 4 2 1
P 4 4 1 1 1
P 4 3 3 1
P 4 3 2 2
P 4 3 2 1 1
P 4 3 1 1 1 1
P 4 2 2 2 1
P 4 2 2 1 1 1
P 4 2 1 1 1 1 1
P 4 1 1 1 1 1 1 1
P 3 3 3 2
P 3 3 3 1 1
P 3 3 2 2 1
P 3 3 2 1 1 1
P 3 3 1 1 1 1 1
P 3 2 2 2 2
P 3 2 2 2 1 1
P 3 2 2 1 1 1 1
P 3 2 1 1 1 1 1 1
P 3 1 1 1 1 1 1 1 1
P 2 2 2 2 2 1
P 2 2 2 2 1 1 1
P 2 2 2 1 1 1 1 1
P 2 2 1 1 1 1 1 1 1
P 2 1 1 1 1 1 1 1 1 1
P 1 1 1 1 1 1 1 1 1 1 1
K 1 1 1 1 1 1 1 1 1 1 1 1 1 1 1 1 1 1 1 1 1 1 1 1 1 1 1 1 1 1 1 1 1 1 1 1 1 1 1 1 1 1 1 1 1 1 1 1 1 1 1 1 1 1 1 1
K 0 1 1 2 1 2 3 1 2 2 3 4 1 2 2 3 3 4 5 2 2 3 2 3 4 3 4 5 6 2 3 4 3 3 4 5 4 5 6 7 3 4 4 5 6 4 5 6 7 8 5 6 7 8 9 10
K 0 0 1 1 1 2 3 1 2 3 4 6 1 2 3 4 5 7 10 2 3 4 3 5 7 6 8 11 15 3 5 7 5 6 8 11 9 12 16 21 6 8 9 12 16 10 13 17 22 28 14 18 23 29 36 44
K 0 0 0 1 0 1 3 0 1 1 3 6 0 1 1 3 3 6 10 1 1 3 1 3 6 3 6 10 15 1 3 6 3 3 6 10 6 10 15 21 3 6 6 10 15 6 10 15 21 28 10 15 21 28 36 45
K 0 0 0 0 1 1 1 1 2 2 3 4 1 2 3 4 5 7 10 2 3 4 4 6 8 7 10 14 20 4 6 8 7 8 11 15 13 18 25 35 9 12 14 19 26 16 22 30 41 56 25 34 46 62 83 110
K 0 0 0 0 0 1 2 0 1 2 4 8 0 1 2 4 6 11 20 1 2 4 2 6 11 8 14 24 40 2 6 11 6 8 14 24 17 28 45 70 8 14 17 28 45 20 32 50 76 112 36 55 82 119 168 231
K 0 0 0 0 0 0 1 0 0 0 1 4 0 0 0 1 1 4 10 0 0 1 0 1 4 1 4 10 20 0 1 4 1 1 4 10 4 10 20 35 1 4 4 10 20 4 10 20 35 56 10 20 35 56 84 120
K 0 0 0 0 0 0 0 1 1 1 1 1 1 2 2 3 3 4 5 2 3 4 3 5 7 6 8 11 15 4 6 8 7 8 11 15 13 18 25 35 9 13 15 21 29 18 25 35 49 69 30 42 59 83 117 165
K 0 0 0 0 0 0 0 0 1 1 2 3 0 1 2 4 5 9 15 1 2 4 3 7 12 9 16 27 45 3 7 12 9 11 19 31 24 40 65 105 13 22 27 44 70 33 54 86 135 210 65 103 160 245 370 550
K 0 0 0 0 0 0 0 0 0 1 1 2 0 0 1 1 3 5 10 0 1 1 1 3 5 6 9 16 30 1 3 5 3 6 9 16 14 23 40 70 6 9 14 23 40 20 31 51 85 140 40 63 101 161 252 385
K 0 0 0 0 0 0 0 0 0 0 1 3 0 0 0 1 2 6 15 0 0 1 0 2 6 3 9 21 45 0 2 6 2 3 9 21 12 27 55 105 3 9 12 27 55 15 33 65 120 210 39 75 135 231 378 594
K 0 0 0 0 0 0 0 0 0 0 0 1 0 0 0 0 0 1 5 0 0 0 0 0 1 0 1 5 15 0 0 1 0 0 1 5 1 5 15 35 0 1 1 5 15 1 5 15 35 70 5 15 35 70 126 210
K 0 0 0 0 0 0 0 0 0 0 0 0 1 1 1 1 1 1 1 2 2 3 2 3 4 3 4 5 6 2 4 6 4 5 7 10 8 11 15 20 6 8 10 14 20 12 17 24 34 48 21 30 43 62 90 132
K 0 0 0 0 0 0 0 0 0 0 0 0 0 1 1 2 2 3 4 1 2 4 2 5 9 6 10 16 24 3 7 12 8 10 17 28 21 34 54 84 12 21 26 43 69 33 54 87 138 217 69 111 177 280 441 693
K 0 0 0 0 0 0 0 0 0 0 0 0 0 0 1 1 2 3 5 0 1 1 2 4 6 6 10 17 30 2 4 6 6 9 14 23 21 35 60 105 12 18 26 42 70 36 59 98 165 280 80 132 219 364 603 990
K 0 0 0 0 0 0 0 0 0 0 0 0 0 0 0 1 1 3 6 0 0 1 0 2 6 3 8 18 36 0 2 6 3 4 11 24 15 33 66 126 5 14 18 39 76 24 51 100 186 336 66 128 236 420 728 1232
K 0 0 0 0 0 0 0 0 0 0 0 0 0 0 0 0 1 2 5 0 0 0 0 1 2 3 6 13 30 0 1 2 1 3 6 13 12 24 50 105 3 6 12 24 50 20 38 74 145 280 55 102 190 350 630 1100
K 0 0 0 0 0 0 0 0 0 0 0 0 0 0 0 0 0 1 4 0 0 0 0 0 1 0 2 8 24 0 0 1 0 0 2 8 3 12 34 84 0 2 3 12 34 4 16 44 104 224 20 54 124 259 504 924
K 0 0 0 0 0 0 0 0 0 0 0 0 0 0 0 0 0 0 1 0 0 0 0 0 0 0 0 1 6 0 0 0 0 0 0 1 0 1 6 21 0 0 0 1 6 0 1 6 21 56 1 6 21 56 126 252
K 0 0 0 0 0 0 0 0 0 0 0 0 0 0 0 0 0 0 0 1 1 2 1 2 3 2 3 4 5 1 3 6 3 4 7 12 8 13 20 29 5 8 11 18 30 14 23 37 59 92 30 49 79 127 204 330
K 0 0 0 0 0 0 0 0 0 0 0 0 0 0 0 0 0 0 0 0 1 1 1 2 3 3 4 6 9 2 4 6 5 7 11 18 15 24 39 63 9 15 21 35 59 30 49 82 138 232 70 117 198 337 576 990
K 0 0 0 0 0 0 0 0 0 0 0 0 0 0 0 0 0 0 0 0 0 1 0 1 3 1 3 6 10 0 2 6 2 3 8 18 10 21 40 70 4 10 14 30 60 19 40 78 145 259 55 107 200 364 651 1155
K 0 0 0 0 0 0 0 0 0 0 0 0 0 0 0 0 0 0 0 0 0 0 1 1 1 1 2 3 5 1 1 1 3 3 5 7 7 12 20 35 6 9 12 19 30 16 28 47 80 140 40 70 121 211 372 660
K 0 0 0 0 0 0 0 0 0 0 0 0 0 0 0 0 0 0 0 0 0 0 0 1 2 2 4 8 16 0 1 2 2 4 8 16 14 28 56 112 6 12 20 39 76 32 62 120 232 448 95 182 347 658 1239 2310
K 0 0 0 0 0 0 0 0 0 0 0 0 0 0 0 0 0 0 0 0 0 0 0 0 1 0 1 4 10 0 0 1 0 0 2 8 3 11 30 70 0 3 4 15 40 6 21 56 130 280 30 78 180 385 784 1540
K 0 0 0 0 0 0 0 0 0 0 0 0 0 0 0 0 0 0 0 0 0 0 0 0 0 1 1 2 5 0 0 0 0 1 1 2 4 7 15 35 1 1 4 7 15 10 16 31 65 140 30 54 105 210 420 825
K 0 0 0 0 0 0 0 0 0 0 0 0 0 0 0 0 0 0 0 0 0 0 0 0 0 0 1 3 9 0 0 0 0 0 1 3 3 9 24 63 0 1 3 9 24 6 18 45 108 252 30 72 163 357 756 1540
K 0 0 0 0 0 0 0 0 0 0 0 0 0 0 0 0 0 0 0 0 0 0 0 0 0 0 0 1 5 0 0 0 0 0 0 1 0 2 10 35 0 0 0 2 10 0 3 15 50 140 4 20 65 175 420 924
K 0 0 0 0 0 0 0 0 0 0 0 0 0 0 0 0 0 0 0 0 0 0 0 0 0 0 0 0 1 0 0 0 0 0 0 0 0 0 1 7 0 0 0 0 1 0 0 1 7 28 0 1 7 28 84 210
K 0 0 0 0 0 0 0 0 0 0 0 0 0 0 0 0 0 0 0 0 0 0 0 0 0 0 0 0 0 1 1 1 2 2 3 4 4 6 9 14 3 6 7 12 19 10 17 29 49 84 26 45 79 140 252 462
K 0 0 0 0 0 0 0 0 0 0 0 0 0 0 0 0 0 0 0 0 0 0 0 0 0 0 0 0 0 0 1 2 1 2 4 8 6 11 20 35 3 6 10 20 40 16 31 60 115 216 50 96 185 356 684 1320
K 0 0 0 0 0 0 0 0 0 0 0 0 0 0 0 0 0 0 0 0 0 0 0 0 0 0 0 0 0 0 0 1 0 0 1 4 1 4 10 20 0 1 2 7 20 3 10 26 60 125 15 39 90 195 405 825
K 0 0 0 0 0 0 0 0 0 0 0 0 0 0 0 0 0 0 0 0 0 0 0 0 0 0 0 0 0 0 0 0 1 1 2 3 3 6 11 21 3 6 8 15 26 12 24 46 87 168 39 78 153 300 594 1188
K 0 0 0 0 0 0 0 0 0 0 0 0 0 0 0 0 0 0 0 0 0 0 0 0 0 0 0 0 0 0 0 0 0 1 1 2 3 5 10 21 2 2 6 10 20 12 21 40 81 168 40 76 151 308 636 1320
K 0 0 0 0 0 0 0 0 0 0 0 0 0 0 0 0 0 0 0 0 0 0 0 0 0 0 0 0 0 0 0 0 0 0 1 3 2 6 15 35 0 2 4 12 30 8 22 54 125 280 40 96 220 490 1071 2310
K 0 0 0 0 0 0 0 0 0 0 0 0 0 0 0 0 0 0 0 0 0 0 0 0 0 0 0 0 0 0 0 0 0 0 0 1 0 1 5 15 0 0 0 2 10 0 3 14 45 120 5 22 70 190 470 1100
K 0 0 0 0 0 0 0 0 0 0 0 0 0 0 0 0 0 0 0 0 0 0 0 0 0 0 0 0 0 0 0 0 0 0 0 0 1 2 5 14 0 0 1 2 5 4 8 18 44 112 20 42 94 217 504 1155
K 0 0 0 0 0 0 0 0 0 0 0 0 0 0 0 0 0 0 0 0 0 0 0 0 0 0 0 0 0 0 0 0 0 0 0 0 0 1 4 14 0 0 0 1 4 0 3 12 38 112 6 24 72 196 504 1232
K 0 0 0 0 0 0 0 0 0 0 0 0 0 0 0 0 0 0 0 0 0 0 0 0 0 0 0 0 0 0 0 0 0 0 0 0 0 0 1 6 0 0 0 0 1 0 0 2 12 48 0 3 18 69 216 594
K 0 0 0 0 0 0 0 0 0 0 0 0 0 0 0 0 0 0 0 0 0 0 0 0 0 0 0 0 0 0 0 0 0 0 0 0 0 0 0 1 0 0 0 0 0 0 0 0 1 8 0 0 1 8 36 120
K 0 0 0 0 0 0 0 0 0 0 0 0 0 0 0 0 0 0 0 0 0 0 0 0 0 0 0 0 0 0 0 0 0 0 0 0 0 0 0 0 1 1 2 3 5 3 6 11 21 42 11 23 47 98 210 462
K 0 0 0 0 0 0 0 0 0 0 0 0 0 0 0 0 0 0 0 0 0 0 0 0 0 0 0 0 0 0 0 0 0 0 0 0 0 0 0 0 0 1 1 3 6 2 5 12 26 56 10 24 56 127 288 660
K 0 0 0 0 0 0 0 0 0 0 0 0 0 0 0 0 0 0 0 0 0 0 0 0 0 0 0 0 0 0 0 0 0 0 0 0 0 0 0 0 0 0 1 2 5 3 6 13 30 70 15 33 75 175 414 990
K 0 0 0 0 0 0 0 0 0 0 0 0 0 0 0 0 0 0 0 0 0 0 0 0 0 0 0 0 0 0 0 0 0 0 0 0 0 0 0 0 0 0 0 1 4 0 2 8 24 64 5 18 54 148 387 990
K 0 0 0 0 0 0 0 0 0 0 0 0 0 0 0 0 0 0 0 0 0 0 0 0 0 0 0 0 0 0 0 0 0 0 0 0 0 0 0 0 0 0 0 0 1 0 0 1 6 21 0 2 11 42 133 385
K 0 0 0 0 0 0 0 0 0 0 0 0 0 0 0 0 0 0 0 0 0 0 0 0 0 0 0 0 0 0 0 0 0 0 0 0 0 0 0 0 0 0 0 0 0 1 1 2 5 14 5 9 20 49 126 330
K 0 0 0 0 0 0 0 0 0 0 0 0 0 0 0 0 0 0 0 0 0 0 0 0 0 0 0 0 0 0 0 0 0 0 0 0 0 0 0 0 0 0 0 0 0 0 1 3 9 28 4 12 33 91 252 693
K 0 0 0 0 0 0 0 0 0 0 0 0 0 0 0 0 0 0 0 0 0 0 0 0 0 0 0 0 0 0 0 0 0 0 0 0 0 0 0 0 0 0 0 0 0 0 0 1 5 20 0 3 15 55 180 550
K 0 0 0 0 0 0 0 0 0 0 0 0 0 0 0 0 0 0 0 0 0 0 0 0 0 0 0 0 0 0 0 0 0 0 0 0 0 0 0 0 0 0 0 0 0 0 0 0 1 7 0 0 2 14 63 231
K 0 0 0 0 0 0 0 0 0 0 0 0 0 0 0 0 0 0 0 0 0 0 0 0 0 0 0 0 0 0 0 0 0 0 0 0 0 0 0 0 0 0 0 0 0 0 0 0 0 1 0 0 0 1 9 45
K 0 0 0 0 0 0 0 0 0 0 0 0 0 0 0 0 0 0 0 0 0 0 0 0 0 0 0 0 0 0 0 0 0 0 0 0 0 0 0 0 0 0 0 0 0 0 0 0 0 0 1 2 5 14 42 132
K 0 0 0 0 0 0 0 0 0 0 0 0 0 0 0 0 0 0 0 0 0 0 0 0 0 0 0 0 0 0 0 0 0 0 0 0 0 0 0 0 0 0 0 0 0 0 0 0 0 0 0 1 4 14 48 165
K 0 0 0 0 0 0 0 0 0 0 0 0 0 0 0 0 0 0 0 0 0 0 0 0 0 0 0 0 0 0 0 0 0 0 0 0 0 0 0 0 0 0 0 0 0 0 0 0 0 0 0 0 1 6 27 110
K 0 0 0 0 0 0 0 0 0 0 0 0 0 0 0 0 0 0 0 0 0 0 0 0 0 0 0 0 0 0 0 0 0 0 0 0 0 0 0 0 0 0 0 0 0 0 0 0 0 0 0 0 0 1 8 44
K 0 0 0 0 0 0 0 0 0 0 0 0 0 0 0 0 0 0 0 0 0 0 0 0 0 0 0 0 0 0 0 0 0 0 0 0 0 0 0 0 0 0 0 0 0 0 0 0 0 0 0 0 0 0 1 10
K 0 0 0 0 0 0 0 0 0 0 0 0 0 0 0 0 0 0 0 0 0 0 0 0 0 0 0 0 0 0 0 0 0 0 0 0 0 0 0 0 0 0 0 0 0 0 0 0 0 0 0 0 0 0 0 1
N 12 77
P 12
P 11 1
P 10 2
P 10 1 1
P 9 3
P 9 2 1
P 9 1 1 1
P 8 4
P 8 3 1
P 8 2 2
P 8 2 1 1
P 8 1 1 1 1
P 7 5
P 7 4 1
P 7 3 2
P 7 3 1 1
P 7 2 2 1
P 7 2 1 1 1
P 7 1 1 1 1 1
P 6 6
P 6 5 1
P 6 4 2
P 6 4 1 1
P 6 3 3
P 6 3 2 1
P 6 3 1 1 1
P 6 2 2 2
P 6 2 2 1 1
P 6 2 1 1 1 1
P 6 1 1 1 1 1 1
P 5 5 2
P 5 5 1 1
P 5 4 3
P 5 4 2 1
P 5 4 1 1 1
P 5 3 3 1
P 5 3 2 2
P 5 3 2 1 1
P 5 3 1 1 1 1
P 5 2 2 2 1
P 5 2 2 1 1 1
P 5 2 1 1 1 1 1
P 5 1 1 1 1 1 1 1
P 4 4 4
P 4 4 3 1
P 4 4 2 2
P 4 4 2 1 1
P 4 4 1 1 1 1
P 4 3 3 2
P 4 3 3 1 1
P 4 3 2 2 1
P 4 3 2 1 1 1
P 4 3 1 1 1 1 1
P 4 2 2 2 2
P 4 2 2 2 1 1
P 4 2 2 1 1 1 1
P 4 2 1 1 1 1 1 1
P 4 1 1 1 1 1 1 1 1
P 3 3 3 3
P 3 3 3 2 1
P 3 3 3 1 1 1
P 3 3 2 2 2
P 3 3 2 2 1 1
P 3 3 2 1 1 1 1
P 3 3 1 1 1 1 1 1
P 3 2 2 2 2 1
P 3 2 2 2 1 1 1
P 3 2 2 1 1 1 1 1
P 3 2 1 1 1 1 1 1 1
P 3 1 1 1 1 1 1 1 1 1
P 2 2 2 2 2 2
P 2 2 2 2 2 1 1
P 2 2 2 2 1 1 1 1
P 2 2 2 1 1 1 1 1 1
P 2 2 1 1 1 1 1 1 1 1
P 2 1 1 1 1 1 1 1 1 1 1
P 1 1 1 1 1 1 1 1 1 1 1 1
K 1 1 1 1 1 1 1 1 1 1 1 1 1 1 1 1 1 1 1 1 1 1 1 1 1 1 1 1 1 1 1 1 1 1 1 1 1 1 1 1 1 1 1 1 1 1 1 1 1 1 1 1 1 1 1 1 1 1 1 1 1 1 1 1 1 1 1 1 1 1 1 1 1 1 1 1 1
K 0 1 1 2 1 2 3 1 2 2 3 4 1 2 2 3 3 4 5 1 2 2 3 2 3 4 3 4 5 6 2 3 2 3 4 3 3 4 5 4 5 6 7 2 3 3 4 5 3 4 4 5 6 4 5 6 7 8 3 4 5 4 5 6 7 5 6 7 8 9 5 6 7 8 9 10 11
K 0 0 1 1 1 2 3 1 2 3 4 6 1 2 3 4 5 7 10 1 2 3 4 3 5 7 6 8 11 15 3 4 3 5 7 5 6 8 11 9 12 16 21 3 5 6 8 11 6 8 9 12 16 10 13 17 22 28 6 9 12 10 13 17 22 14 18 23 29 36 15 19 24 30 37 45 54
K 0 0 0 1 0 1 3 0 1 1 3 6 0 1 1 3 3 6 10 0 1 1 3 1 3 6 3 6 10 15 1 3 1 3 6 3 3 6 10 6 10 15 21 1 3 3 6 10 3 6 6 10 15 6 10 15 21 28 3 6 10 6 10 15 21 10 15 21 28 36 10 15 21 28 36 45 55
K 0 0 0 0 1 1 1 1 2 2 3 4 1 2 3 4 5 7 10 1 2 3 4 4 6 8 7 10 14 20 3 4 4 6 8 7 8 11 15 13 18 25 35 4 7 8 11 15 9 12 14 19 26 16 22 30 41 56 10 15 20 17 23 31 42 26 35 47 63 84 29 39 52 69 91 119 154
K 0 0 0 0 0 1 2 0 1 2 4 8 0 1 2 4 6 11 20 0 1 2 4 2 6 11 8 14 24 40 2 4 2 6 11 6 8 14 24 17 28 45 70 2 6 8 14 24 8 14 17 28 45 20 32 50 76 112 8 17 28 20 32 50 76 36 55 82 119 168 40 60 88 126 176 240 320
K 0 0 0 0 0 0 1 0 0 0 1 4 0 0 0 1 1 4 10 0 0 0 1 0 1 4 1 4 10 20 0 1 0 1 4 1 1 4 10 4 10 20 35 0 1 1 4 10 1 4 4 10 20 4 10 20 35 56 1 4 10 4 10 20 35 10 20 35 56 84 10 20 35 56 84 120 165
K 0 0 0 0 0 0 0 1 1 1 1 1 1 2 2 3 3 4 5 1 2 3 4 3 5 7 6 8 11 15 3 4 4 6 8 7 8 11 15 13 18 25 35 5 8 9 12 16 10 14 16 22 30 19 26 36 50 70 11 18 25 21 29 40 55 34 47 65 90 125 40 55 76 105 145 200 275
K 0 0 0 0 0 0 0 0 1 1 2 3 0 1 2 4 5 9 15 0 1 2 4 3 7 12 9 16 27 45 2 4 3 7 12 9 11 19 31 24 40 65 105 3 9 11 19 31 13 22 27 44 70 33 54 86 135 210 15 30 48 36 58 91 141 69 108 166 252 378 81 126 192 288 426 621 891
K 0 0 0 0 0 0 0 0 0 1 1 2 0 0 1 1 3 5 10 0 0 1 1 1 3 5 6 9 16 30 1 1 1 3 5 3 6 9 16 14 23 40 70 1 3 6 9 16 6 9 14 23 40 20 31 51 85 140 6 14 23 20 31 51 85 40 63 101 161 252 50 76 118 183 280 420 616
K 0 0 0 0 0 0 0 0 0 0 1 3 0 0 0 1 2 6 15 0 0 0 1 0 2 6 3 9 21 45 0 1 0 2 6 2 3 9 21 12 27 55 105 0 2 3 9 21 3 9 12 27 55 15 33 65 120 210 3 12 27 15 33 65 120 39 75 135 231 378 45 85 150 252 406 630 945
K 0 0 0 0 0 0 0 0 0 0 0 1 0 0 0 0 0 1 5 0 0 0 0 0 0 1 0 1 5 15 0 0 0 0 1 0 0 1 5 1 5 15 35 0 0 0 1 5 0 1 1 5 15 1 5 15 35 70 0 1 5 1 5 15 35 5 15 35 70 126 5 15 35 70 126 210 330
K 0 0 0 0 0 0 0 0 0 0 0 0 1 1 1 1 1 1 1 1 2 2 3 2 3 4 3 4 5 6 3 4 3 5 7 5 6 8 11 9 12 16 21 3 6 7 10 14 8 11 13 18 25 15 21 29 40 55 9 15 21 18 25 35 49 30 42 59 83 117 36 51 72 102 145 207 297
K 0 0 0 0 0 0 0 0 0 0 0 0 0 1 1 2 2 3 4 0 1 2 4 2 5 9 6 10 16 24 2 4 3 7 12 8 10 17 28 21 34 54 84 4 10 12 20 32 14 24 29 47 74 36 58 92 144 224 16 34 56 42 68 108 168 84 133 208 322 496 104 164 256 396 608 928 1408
K 0 0 0 0 0 0 0 0 0 0 0 0 0 0 1 1 2 3 5 0 0 1 1 2 4 6 6 10 17 30 1 1 2 4 6 6 9 14 23 21 35 60 105 2 6 9 14 23 12 18 26 42 70 36 59 98 165 280 15 31 49 42 67 109 180 89 144 235 385 630 115 185 298 480 770 1225 1925
K 0 0 0 0 0 0 0 0 0 0 0 0 0 0 0 1 1 3 6 0 0 0 1 0 2 6 3 8 18 36 0 1 0 2 6 3 4 11 24 15 33 66 126 0 3 4 11 24 5 14 18 39 76 24 51 100 186 336 6 21 45 27 57 110 201 72 138 251 441 756 90 170 306 531 896 1476 2376
K 0 0 0 0 0 0 0 0 0 0 0 0 0 0 0 0 1 2 5 0 0 0 0 0 1 2 3 6 13 30 0 0 0 1 2 1 3 6 13 12 24 50 105 0 1 3 6 13 3 6 12 24 50 20 38 74 145 280 3 12 24 20 38 74 145 55 102 190 350 630 75 134 240 426 742 1260 2079
K 0 0 0 0 0 0 0 0 0 0 0 0 0 0 0 0 0 1 4 0 0 0 0 0 0 1 0 2 8 24 0 0 0 0 1 0 0 2 8 3 12 34 84 0 0 0 2 8 0 2 3 12 34 4 16 44 104 224 0 3 12 4 16 44 104 20 54 124 259 504 24 64 144 294 560 1008 1728
K 0 0 0 0 0 0 0 0 0 0 0 0 0 0 0 0 0 0 1 0 0 0 0 0 0 0 0 0 1 6 0 0 0 0 0 0 0 0 1 0 1 6 21 0 0 0 0 1 0 0 0 1 6 0 1 6 21 56 0 0 1 0 1 6 21 1 6 21 56 126 1 6 21 56 126 252 462
K 0 0 0 0 0 0 0 0 0 0 0 0 0 0 0 0 0 0 0 1 1 1 1 1 1 1 1 1 1 1 1 2 1 2 3 2 2 3 4 3 4 5 6 1 2 3 4 6 3 4 5 7 10 6 8 11 15 20 4 6 8 7 10 14 20 12 17 24 34 48 15 21 30 43 62 90 132
K 0 0 0 0 0 0 0 0 0 0 0 0 0 0 0 0 0 0 0 0 1 1 2 1 2 3 2 3 4 5 2 4 2 5 9 5 6 10 16 11 17 25 35 2 6 8 14 24 9 15 19 31 50 23 37 58 89 133 11 23 37 29 47 75 119 59 94 148 231 357 75 120 190 299 469 735 1155
K 0 0 0 0 0 0 0 0 0 0 0 0 0 0 0 0 0 0 0 0 0 1 1 1 2 3 3 4 6 9 1 1 2 4 6 5 7 11 18 15 24 39 63 3 7 10 15 24 12 19 26 42 69 36 57 93 153 252 15 33 54 45 73 120 198 99 162 267 441 729 135 219 360 594 981 1620 2673
K 0 0 0 0 0 0 0 0 0 0 0 0 0 0 0 0 0 0 0 0 0 0 1 0 1 3 1 3 6 10 0 1 0 2 6 2 3 8 18 10 21 40 70 0 3 4 11 24 5 13 17 36 70 22 46 88 160 280 6 21 45 28 58 112 205 76 145 265 469 812 100 190 346 613 1064 1820 3080
K 0 0 0 0 0 0 0 0 0 0 0 0 0 0 0 0 0 0 0 0 0 0 0 1 1 1 1 2 3 5 0 0 1 1 1 3 3 5 7 7 12 20 35 1 3 3 5 7 6 9 12 19 30 16 28 47 80 140 10 18 27 23 38 61 100 52 87 145 245 420 70 120 202 340 575 975 1650
K 0 0 0 0 0 0 0 0 0 0 0 0 0 0 0 0 0 0 0 0 0 0 0 0 1 2 2 4 8 16 0 0 0 1 2 2 4 8 16 14 28 56 112 0 2 4 8 16 6 12 20 39 76 32 62 120 232 448 8 26 50 40 76 144 272 112 210 392 728 1344 160 296 544 992 1792 3200 5632
K 0 0 0 0 0 0 0 0 0 0 0 0 0 0 0 0 0 0 0 0 0 0 0 0 0 1 0 1 4 10 0 0 0 0 1 0 0 2 8 3 11 30 70 0 0 0 2 8 0 3 4 15 40 6 21 56 130 280 0 5 19 7 25 66 150 34 88 200 420 840 46 116 260 540 1064 2016 3696
K 0 0 0 0 0 0 0 0 0 0 0 0 0 0 0 0 0 0 0 0 0 0 0 0 0 0 1 1 2 5 0 0 0 0 0 0 1 1 2 4 7 15 35 0 0 1 1 2 1 1 4 7 15 10 16 31 65 140 1 4 7 10 16 31 65 30 54 105 210 420 50 85 156 295 560 1050 1925
K 0 0 0 0 0 0 0 0 0 0 0 0 0 0 0 0 0 0 0 0 0 0 0 0 0 0 0 1 3 9 0 0 0 0 0 0 0 1 3 3 9 24 63 0 0 0 1 3 0 1 3 9 24 6 18 45 108 252 0 3 9 6 18 45 108 30 72 163 357 756 45 105 228 477 966 1890 3564
K 0 0 0 0 0 0 0 0 0 0 0 0 0 0 0 0 0 0 0 0 0 0 0 0 0 0 0 0 1 5 0 0 0 0 0 0 0 0 1 0 2 10 35 0 0 0 0 1 0 0 0 2 10 0 3 15 50 140 0 0 2 0 3 15 50 4 20 65 175 420 5 25 80 210 490 1050 2100
K 0 0 0 0 0 0 0 0 0 0 0 0 0 0 0 0 0 0 0 0 0 0 0 0 0 0 0 0 0 1 0 0 0 0 0 0 0 0 0 0 0 1 7 0 0 0 0 0 0 0 0 0 1 0 0 1 7 28 0 0 0 0 0 1 7 0 1 7 28 84 0 1 7 28 84 210 462
K 0 0 0 0 0 0 0 0 0 0 0 0 0 0 0 0 0 0 0 0 0 0 0 0 0 0 0 0 0 0 1 1 1 2 3 2 3 4 6 5 7 10 14 1 3 4 7 12 5 8 11 18 30 14 23 37 59 92 6 14 23 20 32 53 89 44 72 119 197 324 60 100 166 277 464 780 1320
K 0 0 0 0 0 0 0 0 0 0 0 0 0 0 0 0 0 0 0 0 0 0 0 0 0 0 0 0 0 0 0 1 0 1 3 1 1 3 6 3 6 10 15 0 1 2 5 12 2 5 7 15 30 9 18 34 60 99 3 9 18 12 25 48 90 33 63 115 204 351 45 85 156 279 491 855 1485
K 0 0 0 0 0 0 0 0 0 0 0 0 0 0 0 0 0 0 0 0 0 0 0 0 0 0 0 0 0 0 0 0 1 1 1 2 2 3 4 4 6 9 14 2 4 4 6 8 6 10 12 19 29 16 26 42 68 112 8 18 30 24 40 66 108 56 94 158 267 456 80 136 232 398 688 1200 2112
K 0 0 0 0 0 0 0 0 0 0 0 0 0 0 0 0 0 0 0 0 0 0 0 0 0 0 0 0 0 0 0 0 0 1 2 1 2 4 8 6 11 20 35 0 2 4 8 16 5 10 16 31 60 24 45 84 155 280 7 22 43 34 65 124 235 97 182 340 630 1155 145 270 502 930 1715 3150 5775
K 0 0 0 0 0 0 0 0 0 0 0 0 0 0 0 0 0 0 0 0 0 0 0 0 0 0 0 0 0 0 0 0 0 0 1 0 0 1 4 1 4 10 20 0 0 0 2 8 0 2 3 11 30 4 14 36 80 160 0 4 14 6 20 52 120 28 71 160 335 664 40 100 224 470 944 1840 3520
K 0 0 0 0 0 0 0 0 0 0 0 0 0 0 0 0 0 0 0 0 0 0 0 0 0 0 0 0 0 0 0 0 0 0 0 1 1 2 3 3 6 11 21 0 1 1 2 3 3 6 8 15 26 12 24 46 87 168 6 15 27 21 40 73 132 60 114 213 399 756 90 174 330 621 1169 2205 4158
K 0 0 0 0 0 0 0 0 0 0 0 0 0 0 0 0 0 0 0 0 0 0 0 0 0 0 0 0 0 0 0 0 0 0 0 0 1 1 2 3 5 10 21 0 0 1 1 2 2 2 6 10 20 12 21 40 81 168 3 9 15 18 30 56 111 54 99 191 378 756 90 165 312 603 1176 2295 4455
K 0 0 0 0 0 0 0 0 0 0 0 0 0 0 0 0 0 0 0 0 0 0 0 0 0 0 0 0 0 0 0 0 0 0 0 0 0 1 3 2 6 15 35 0 0 0 1 3 0 2 4 12 30 8 22 54 125 280 0 6 18 11 31 75 170 52 123 275 595 1260 85 195 428 910 1890 3850 7700
K 0 0 0 0 0 0 0 0 0 0 0 0 0 0 0 0 0 0 0 0 0 0 0 0 0 0 0 0 0 0 0 0 0 0 0 0 0 0 1 0 1 5 15 0 0 0 0 1 0 0 0 2 10 0 3 14 45 120 0 0 3 0 4 19 60 6 27 85 225 540 9 39 120 315 750 1674 3564
K 0 0 0 0 0 0 0 0 0 0 0 0 0 0 0 0 0 0 0 0 0 0 0 0 0 0 0 0 0 0 0 0 0 0 0 0 0 0 0 1 2 5 14 0 0 0 0 0 0 0 1 2 5 4 8 18 44 112 0 1 2 4 8 18 44 20 42 94 217 504 40 80 168 362 784 1680 3520
K 0 0 0 0 0 0 0 0 0 0 0 0 0 0 0 0 0 0 0 0 0 0 0 0 0 0 0 0 0 0 0 0 0 0 0 0 0 0 0 0 1 4 14 0 0 0 0 0 0 0 0 1 4 0 3 12 38 112 0 0 1 0 3 12 38 6 24 72 196 504 10 40 116 300 728 1680 3696
K 0 0 0 0 0 0 0 0 0 0 0 0 0 0 0 0 0 0 0 0 0 0 0 0 0 0 0 0 0 0 0 0 0 0 0 0 0 0 0 0 0 1 6 0 0 0 0 0 0 0 0 0 1 0 0 2 12 48 0 0 0 0 0 2 12 0 3 18 69 216 0 4 24 90 272 720 1728
K 0 0 0 0 0 0 0 0 0 0 0 0 0 0 0 0 0 0 0 0 0 0 0 0 0 0 0 0 0 0 0 0 0 0 0 0 0 0 0 0 0 0 1 0 0 0 0 0 0 0 0 0 0 0 0 0 1 8 0 0 0 0 0 0 1 0 0 1 8 36 0 0 1 8 36 120 330
K 0 0 0 0 0 0 0 0 0 0 0 0 0 0 0 0 0 0 0 0 0 0 0 0 0 0 0 0 0 0 0 0 0 0 0 0 0 0 0 0 0 0 0 1 1 1 1 1 1 2 2 3 4 3 4 6 9 14 1 3 6 4 7 12 19 10 17 29 49 84 16 26 45 79 140 252 462
K 0 0 0 0 0 0 0 0 0 0 0 0 0 0 0 0 0 0 0 0 0 0 0 0 0 0 0 0 0 0 0 0 0 0 0 0 0 0 0 0 0 0 0 0 1 1 2 3 2 4 5 9 15 7 13 23 40 70 3 9 18 13 25 47 85 38 72 135 251 468 60 115 219 417 796 1530 2970
K 0 0 0 0 0 0 0 0 0 0 0 0 0 0 0 0 0 0 0 0 0 0 0 0 0 0 0 0 0 0 0 0 0 0 0 0 0 0 0 0 0 0 0 0 0 1 1 2 1 1 3 5 10 6 9 16 30 56 2 5 8 9 16 30 60 28 52 100 196 384 50 90 172 336 664 1320 2640
K 0 0 0 0 0 0 0 0 0 0 0 0 0 0 0 0 0 0 0 0 0 0 0 0 0 0 0 0 0 0 0 0 0 0 0 0 0 0 0 0 0 0 0 0 0 0 1 3 0 1 2 6 15 3 9 21 45 90 0 3 9 6 16 39 90 27 63 140 300 621 45 105 231 495 1041 2160 4455
K 0 0 0 0 0 0 0 0 0 0 0 0 0 0 0 0 0 0 0 0 0 0 0 0 0 0 0 0 0 0 0 0 0 0 0 0 0 0 0 0 0 0 0 0 0 0 0 1 0 0 0 1 5 0 1 5 15 35 0 0 1 0 2 9 30 3 13 40 105 245 5 20 61 160 385 875 1925
K 0 0 0 0 0 0 0 0 0 0 0 0 0 0 0 0 0 0 0 0 0 0 0 0 0 0 0 0 0 0 0 0 0 0 0 0 0 0 0 0 0 0 0 0 0 0 0 0 1 1 2 3 5 3 6 11 21 42 3 6 9 9 16 28 51 27 51 97 189 378 45 90 177 351 706 1440 2970
K 0 0 0 0 0 0 0 0 0 0 0 0 0 0 0 0 0 0 0 0 0 0 0 0 0 0 0 0 0 0 0 0 0 0 0 0 0 0 0 0 0 0 0 0 0 0 0 0 0 1 1 3 6 2 5 12 26 56 0 3 9 5 13 30 62 22 51 112 238 504 39 89 198 429 917 1953 4158
K 0 0 0 0 0 0 0 0 0 0 0 0 0 0 0 0 0 0 0 0 0 0 0 0 0 0 0 0 0 0 0 0 0 0 0 0 0 0 0 0 0 0 0 0 0 0 0 0 0 0 1 2 5 3 6 13 30 70 0 2 4 6 12 26 60 27 57 125 280 630 55 115 247 540 1190 2625 5775
K 0 0 0 0 0 0 0 0 0 0 0 0 0 0 0 0 0 0 0 0 0 0 0 0 0 0 0 0 0 0 0 0 0 0 0 0 0 0 0 0 0 0 0 0 0 0 0 0 0 0 0 1 4 0 2 8 24 64 0 0 2 0 4 16 48 8 30 88 232 576 16 56 160 416 1024 2432 5632
K 0 0 0 0 0 0 0 0 0 0 0 0 0 0 0 0 0 0 0 0 0 0 0 0 0 0 0 0 0 0 0 0 0 0 0 0 0 0 0 0 0 0 0 0 0 0 0 0 0 0 0 0 1 0 0 1 6 21 0 0 0 0 0 2 12 0 3 17 63 189 0 5 27 99 301 819 2079
K 0 0 0 0 0 0 0 0 0 0 0 0 0 0 0 0 0 0 0 0 0 0 0 0 0 0 0 0 0 0 0 0 0 0 0 0 0 0 0 0 0 0 0 0 0 0 0 0 0 0 0 0 0 1 1 2 5 14 0 0 0 1 1 2 5 5 9 20 49 126 15 25 51 114 266 630 1485
K 0 0 0 0 0 0 0 0 0 0 0 0 0 0 0 0 0 0 0 0 0 0 0 0 0 0 0 0 0 0 0 0 0 0 0 0 0 0 0 0 0 0 0 0 0 0 0 0 0 0 0 0 0 0 1 3 9 28 0 0 0 0 1 3 9 4 12 33 91 252 10 30 78 199 504 1260 3080
K 0 0 0 0 0 0 0 0 0 0 0 0 0 0 0 0 0 0 0 0 0 0 0 0 0 0 0 0 0 0 0 0 0 0 0 0 0 0 0 0 0 0 0 0 0 0 0 0 0 0 0 0 0 0 0 1 5 20 0 0 0 0 0 1 5 0 3 15 55 180 0 6 30 105 320 900 2376
K 0 0 0 0 0 0 0 0 0 0 0 0 0 0 0 0 0 0 0 0 0 0 0 0 0 0 0 0 0 0 0 0 0 0 0 0 0 0 0 0 0 0 0 0 0 0 0 0 0 0 0 0 0 0 0 0 1 7 0 0 0 0 0 0 1 0 0 2 14 63 0 0 3 21 91 315 945
K 0 0 0 0 0 0 0 0 0 0 0 0 0 0 0 0 0 0 0 0 0 0 0 0 0 0 0 0 0 0 0 0 0 0 0 0 0 0 0 0 0 0 0 0 0 0 0 0 0 0 0 0 0 0 0 0 0 1 0 0 0 0 0 0 0 0 0 0 1 9 0 0 0 1 9 45 165
K 0 0 0 0 0 0 0 0 0 0 0 0 0 0 0 0 0 0 0 0 0 0 0 0 0 0 0 0 0 0 0 0 0 0 0 0 0 0 0 0 0 0 0 0 0 0 0 0 0 0 0 0 0 0 0 0 0 0 1 1 1 1 2 3 5 3 6 11 21 42 5 11 23 47 98 210 462
K 0 0 0 0 0 0 0 0 0 0 0 0 0 0 0 0 0 0 0 0 0 0 0 0 0 0 0 0 0 0 0 0 0 0 0 0 0 0 0 0 0 0 0 0 0 0 0 0 0 0 0 0 0 0 0 0 0 0 0 1 2 2 4 8 16 8 17 36 77 168 16 36 80 178 400 912 2112
K 0 0 0 0 0 0 0 0 0 0 0 0 0 0 0 0 0 0 0 0 0 0 0 0 0 0 0 0 0 0 0 0 0 0 0 0 0 0 0 0 0 0 0 0 0 0 0 0 0 0 0 0 0 0 0 0 0 0 0 0 1 0 1 4 10 2 7 20 50 120 5 15 42 110 275 675 1650
K 0 0 0 0 0 0 0 0 0 0 0 0 0 0 0 0 0 0 0 0 0 0 0 0 0 0 0 0 0 0 0 0 0 0 0 0 0 0 0 0 0 0 0 0 0 0 0 0 0 0 0 0 0 0 0 0 0 0 0 0 0 1 1 2 5 4 7 15 35 84 10 20 42 95 224 540 1320
K 0 0 0 0 0 0 0 0 0 0 0 0 0 0 0 0 0 0 0 0 0 0 0 0 0 0 0 0 0 0 0 0 0 0 0 0 0 0 0 0 0 0 0 0 0 0 0 0 0 0 0 0 0 0 0 0 0 0 0 0 0 0 1 3 9 3 9 24 63 162 9 24 63 162 414 1053 2673
K 0 0 0 0 0 0 0 0 0 0 0 0 0 0 0 0 0 0 0 0 0 0 0 0 0 0 0 0 0 0 0 0 0 0 0 0 0 0 0 0 0 0 0 0 0 0 0 0 0 0 0 0 0 0 0 0 0 0 0 0 0 0 0 1 5 0 2 10 35 105 0 5 23 80 245 700 1925
K 0 0 0 0 0 0 0 0 0 0 0 0 0 0 0 0 0 0 0 0 0 0 0 0 0 0 0 0 0 0 0 0 0 0 0 0 0 0 0 0 0 0 0 0 0 0 0 0 0 0 0 0 0 0 0 0 0 0 0 0 0 0 0 0 1 0 0 1 7 28 0 0 2 13 56 196 616
K 0 0 0 0 0 0 0 0 0 0 0 0 0 0 0 0 0 0 0 0 0 0 0 0 0 0 0 0 0 0 0 0 0 0 0 0 0 0 0 0 0 0 0 0 0 0 0 0 0 0 0 0 0 0 0 0 0 0 0 0 0 0 0 0 0 1 2 5 14 42 5 10 23 58 154 420 1155
K 0 0 0 0 0 0 0 0 0 0 0 0 0 0 0 0 0 0 0 0 0 0 0 0 0 0 0 0 0 0 0 0 0 0 0 0 0 0 0 0 0 0 0 0 0 0 0 0 0 0 0 0 0 0 0 0 0 0 0 0 0 0 0 0 0 0 1 4 14 48 0 4 16 52 160 480 1408
K 0 0 0 0 0 0 0 0 0 0 0 0 0 0 0 0 0 0 0 0 0 0 0 0 0 0 0 0 0 0 0 0 0 0 0 0 0 0 0 0 0 0 0 0 0 0 0 0 0 0 0 0 0 0 0 0 0 0 0 0 0 0 0 0 0 0 0 1 6 27 0 0 3 18 75 270 891
K 0 0 0 0 0 0 0 0 0 0 0 0 0 0 0 0 0 0 0 0 0 0 0 0 0 0 0 0 0 0 0 0 0 0 0 0 0 0 0 0 0 0 0 0 0 0 0 0 0 0 0 0 0 0 0 0 0 0 0 0 0 0 0 0 0 0 0 0 1 8 0 0 0 2 16 80 320
K 0 0 0 0 0 0 0 0 0 0 0 0 0 0 0 0 0 0 0 0 0 0 0 0 0 0 0 0 0 0 0 0 0 0 0 0 0 0 0 0 0 0 0 0 0 0 0 0 0 0 0 0 0 0 0 0 0 0 0 0 0 0 0 0 0 0 0 0 0 1 0 0 0 0 1 10 55
K 0 0 0 0 0 0 0 0 0 0 0 0 0 0 0 0 0 0 0 0 0 0 0 0 0 0 0 0 0 0 0 0 0 0 0 0 0 0 0 0 0 0 0 0 0 0 0 0 0 0 0 0 0 0 0 0 0 0 0 0 0 0 0 0 0 0 0 0 0 0 1 1 2 5 14 42 132
K 0 0 0 0 0 0 0 0 0 0 0 0 0 0 0 0 0 0 0 0 0 0 0 0 0 0 0 0 0 0 0 0 0 0 0 0 0 0 0 0 0 0 0 0 0 0 0 0 0 0 0 0 0 0 0 0 0 0 0 0 0 0 0 0 0 0 0 0 0 0 0 1 3 9 28 90 297
K 0 0 0 0 0 0 0 0 0 0 0 0 0 0 0 0 0 0 0 0 0 0 0 0 0 0 0 0 0 0 0 0 0 0 0 0 0 0 0 0 0 0 0 0 0 0 0 0 0 0 0 0 0 0 0 0 0 0 0 0 0 0 0 0 0 0 0 0 0 0 0 0 1 5 20 75 275
K 0 0 0 0 0 0 0 0 0 0 0 0 0 0 0 0 0 0 0 0 0 0 0 0 0 0 0 0 0 0 0 0 0 0 0 0 0 0 0 0 0 0 0 0 0 0 0 0 0 0 0 0 0 0 0 0 0 0 0 0 0 0 0 0 0 0 0 0 0 0 0 0 0 1 7 35 154
K 0 0 0 0 0 0 0 0 0 0 0 0 0 0 0 0 0 0 0 0 0 0 0 0 0 0 0 0 0 0 0 0 0 0 0 0 0 0 0 0 0 0 0 0 0 0 0 0 0 0 0 0 0 0 0 0 0 0 0 0 0 0 0 0 0 0 0 0 0 0 0 0 0 0 1 9 54
K 0 0 0 0 0 0 0 0 0 0 0 0 0 0 0 0 0 0 0 0 0 0 0 0 0 0 0 0 0 0 0 0 0 0 0 0 0 0 0 0 0 0 0 0 0 0 0 0 0 0 0 0 0 0 0 0 0 0 0 0 0 0 0 0 0 0 0 0 0 0 0 0 0 0 0 1 11
K 0 0 0 0 0 0 0 0 0 0 0 0 0 0 0 0 0 0 0 0 0 0 0 0 0 0 0 0 0 0 0 0 0 0 0 0 0 0 0 0 0 0 0 0 0 0 0 0 0 0 0 0 0 0 0 0 0 0 0 0 0 0 0 0 0 0 0 0 0 0 0 0 0 0 0 0 1
